pitch: 0.0
roll: 0.0
x_pose: 1.6728754365541265
y_pose: 7.0043579766536395
yaw: 3.14
