pitch: 0.0
roll: 0.0
x_pose: -3.8706635622817345
y_pose: 3.114046692606884
yaw: 3.14
