pitch: 0.0
roll: 0.0
x_pose: -6.0181606519208515
y_pose: 9.146848249027215
yaw: 3.14
