pitch: 0.0
roll: 0.0
x_pose: 1.706169965075663
y_pose: 9.97377431906614
yaw: 3.14
