x_pose: 4.536204889406283
y_pose: 1.0467315175095742
roll: 0
pitch: 0
yaw: 3.14