pitch: 0.0
roll: 0.0
x_pose: 4.785913853317808
y_pose: -6.094902723735679
yaw: 3.14
