pitch: 0.0
roll: 0.0
x_pose: 4.519557625145515
y_pose: 9.91739299610894
yaw: 3.14
