pitch: 0.0
roll: 0.0
x_pose: 4.303143189755527
y_pose: 4.128910505836473
yaw: 3.14
