x_pose: 4.519557625145515
y_pose: 9.91739299610894
